Nama:Andi Muh Ihzan
Nim: F55123065
Kelas:Informatika B

Hasil Perhitungan worst case dan average case
1. Array Size: 100
The array is not unique. Duplicates: [7, 9, 12, 21, 24, 27, 36, 42, 55, 56, 57, 59, 60, 63, 68, 69, 72, 81, 98, 109, 118, 140, 155]
Worst Case Time: 0.000013 seconds
Average Case Time: 0.000009 seconds

2. Array Size: 150
The array is not unique. Duplicates: [7, 9, 12, 17, 21, 24, 27, 29, 36, 40, 41, 42, 51, 55, 56, 57, 59, 60, 63, 68, 69, 72, 76, 81, 88, 93, 98, 103, 109, 117, 118, 130, 138, 140, 142, 144, 150, 153, 155, 156]
Worst Case Time: 0.000020 seconds
Average Case Time: 0.000018 seconds

3. Array Size: 200
The array is not unique. Duplicates: [1, 2, 7, 9, 12, 15, 17, 18, 21, 24, 27, 29, 33, 36, 40, 41, 42, 51, 55, 56, 57, 58, 59, 60, 62, 63, 64, 68, 69, 72, 76, 81, 87, 88, 93, 96, 98, 103, 109, 117, 118, 130, 136, 137, 138, 139, 140, 142, 144, 146, 150, 151, 153, 155, 156]
Worst Case Time: 0.000032 seconds
Average Case Time: 0.000030 seconds

4. Array Size: 250
The array is not unique. Duplicates: [1, 2, 7, 9, 12, 13, 15, 16, 17, 18, 19, 21, 24, 25, 26, 27, 28, 29, 33, 36, 40, 41, 42, 49, 50, 51, 55, 56, 57, 58, 59, 60, 62, 63, 64, 68, 69, 72, 76, 81, 87, 88, 91, 93, 96, 98, 103, 109, 115, 117, 118, 119, 120, 122, 125, 130, 136, 137, 138, 139, 140, 141, 142, 144, 146, 148, 150, 151, 153, 155, 156]
Worst Case Time: 0.000035 seconds
Average Case Time: 0.000031 seconds

5. Array Size: 300
The array is not unique. Duplicates: [1, 2, 7, 9, 12, 13, 15, 16, 17, 18, 19, 21, 24, 25, 26, 27, 28, 29, 31, 33, 36, 40, 41, 42, 43, 49, 50, 51, 55, 56, 57, 58, 59, 60, 61, 62, 63, 64, 68, 69, 72, 76, 81, 87, 88, 91, 93, 96, 98, 103, 104, 105, 109, 115, 117, 118, 119, 120, 122, 125, 129, 130, 131, 136, 137, 138, 139, 140, 141, 142, 143, 144, 146, 148, 149, 150, 151, 153, 155, 156]
Worst Case Time: 0.000050 seconds
Average Case Time: 0.000030 seconds

6. Array Size: 350
The array is not unique. Duplicates: [1, 2, 3, 7, 9, 12, 13, 15, 16, 17, 18, 19, 21, 24, 25, 26, 27, 28, 29, 30, 31, 33, 34, 36, 40, 41, 42, 43, 49, 50, 51, 55, 56, 57, 58, 59, 60, 61, 62, 63, 64, 68, 69, 72, 76, 77, 81, 87, 88, 91, 93, 95, 96, 98, 102, 103, 104, 105, 108, 109, 113, 115, 117, 118, 119, 120, 122, 125, 129, 130, 131, 136, 137, 138, 139, 140, 141, 142, 143, 144, 145, 146, 148, 149, 150, 151, 153, 155, 156, 159]
Worst Case Time: 0.000048 seconds
Average Case Time: 0.000042 seconds

7. Array Size: 400
The array is not unique. Duplicates: [1, 2, 3, 7, 9, 11, 12, 13, 14, 15, 16, 17, 18, 19, 20, 21, 24, 25, 26, 27, 28, 29, 30, 31, 33, 34, 36, 40, 41, 42, 43, 49, 50, 51, 53, 54, 55, 56, 57, 58, 59, 60, 61, 62, 63, 64, 65, 68, 69, 70, 71, 72, 73, 76, 77, 79, 81, 87, 88, 91, 92, 93, 94, 95, 96, 98, 102, 103, 104, 105, 108, 109, 110, 111, 113, 114, 115, 117, 118, 119, 120, 122, 125, 126, 129, 130, 131, 136, 137, 138, 139, 140, 141, 142, 143, 144, 145, 146, 148, 149, 150, 151, 153, 155, 156, 159]    
Worst Case Time: 0.000051 seconds
Average Case Time: 0.000038 seconds

8. Array Size: 500
The array is not unique. Duplicates: [1, 2, 3, 7, 8, 9, 10, 11, 12, 13, 14, 15, 16, 17, 18, 19, 20, 21, 22, 24, 25, 26, 27, 28, 29, 30, 31, 32, 33, 34, 36, 40, 41, 42, 43, 44, 46, 49, 50, 51, 52, 53, 54, 55, 56, 57, 58, 59, 60, 61, 62, 63, 64, 65, 67, 68, 69, 70, 71, 72, 73, 74, 76, 77, 78, 79, 80, 81, 83, 84, 85, 86, 87, 88, 89, 90, 91, 92, 93, 94, 95, 96, 98, 99, 102, 103, 104, 105, 106, 108, 109, 110, 111, 112, 113, 114, 115, 117, 118, 119, 120, 122, 125, 126, 129, 130, 131, 134, 136, 137, 138, 139, 140, 141, 142, 143, 144, 145, 146, 148, 149, 150, 151, 153, 155, 156, 159]
Worst Case Time: 0.000068 seconds
Average Case Time: 0.000064 seconds